534256
11861566
2645210
13816596
11385607
2444555
4869187
487404
16723576
2512434
14629752
10760927
266216
13425396
12379636
3639817
15251264
14331193
10996571
10550246
12412585
7180659
16686962
4168914
15281339
4510871
11346459
16637923
4676260
13068923
3205004
13287310
2863964
8223727
14119073
14531551
3562090
15077023
16457256
8954484
16511102
3687543
14978180
12352983
15542815
1478337
15399450
3914636
9824189
13773682
3012169
9158561
8769250
8061783
15590327
8667021
6648038
7685855
408341
11418077
11729961
12799716
2952794
7662136
11112732
9421011
6710203
3292999
12376939
3525340
304795
7536454
801083
9215828
12445354
9481760
7615991
7724965
16705144
13664882
3314487
6043707
10110387
5059354
632908
9531849
7752729
11692713
16457577
3551732
2171951
6313587
3118551
698404
7375756
8161773
12675727
2859924
3028335
6134174
5837675
4184091
8658705
2099448
4398202
1263661
4712188
10611016
16772695
2842281
3708237
16755498
4163357
15715020
7609766
9622768
15357292
1889864
10610704
2135249
8107272
4256267
8241112
4545278
16218335
3568523
16597494
6095694
14630395
6415279
1973037
5612932
11384141
7101295
1287315
7621680
11263904
580130
161478
15585674
14061008
1605677
6347887
5803465
5046286
12023646
11687768
2410547
11982968
9829027
4266887
704839
2414380
4350474
14687607
14503536
1970185
454675
4681374
16602083
12911519
11471705
12302862
9223594
4767055
14933326
8195325
6820399
7718725
4808058
10238087
11818269
15948278
3971601
4537858
7210513
8261364
3187744
6082976
3391788
1633839
1478822
342810
8318319
13287557
8995317
8461668
13325204
13957644
1998734
594039
7087403
9408983
5879667
7720523
2651304
14351082
12231747
6818360
15223134
2417362
467216
15344371
15537016
330943
6711266
1619769
6644092
3324960
15049759
10874745
870447
4638393
11571140
12580429
15152218
4271005
6832982
14729961
9632101
3244529
4754894
6413856
13260195
2080561
1918319
11550908
12591807
16365737
3200404
4758392
11314136
4773405
6994364
12470759
16603304
15080411
10687749
5807375
16335695
4974696
12302382
2032761
9785955
2514047
4315330
4100049
12101712
7453563
12368816
13710394
14000465
9663848
11894230
10799520
1636310
6341263
11003714
3058259
4475310
12288524
9722866
3460212
6417401
3449091
11347907
3069291
1683091
4709906
15453412
11175684
9535134
10087488
3667420
6336332
2371725
9660682
335719
2745271
12968546
13558332
3079398
1665138
8715146
8804649
12098818
6165022
2869093
16175424
6757706
3294617
6278774
13698910
4690980
967335
12947174
3171591
1253953
12723886
14156874
12684961
9490714
3164118
13428315
15004888
6427734
13771317
2479073
6748126
9902628
9976753
12470256
7751087
9261990
4621200
8362322
5634892
8199222
1237922
8197143
13171484
1283648
15879720
657708
9510801
5357488
8788106
2579742
11675885
5539988
1125118
9399121
1978004
14357918
13562948
2626404
1711927
11804504
15358343
2320584
10458967
13825986
11268428
4916792
9675249
15379417
3203184
3183941
222120
4001544
4031693
3547877
15156385
9925920
14143018
9874116
7137310
2112908
7964366
12484866
1743443
16710090
3595462
13134575
1328164
7955182
260035
1056910
1069401
9441304
8273952
9586608
4925313
334606
13098542
5293025
9513482
14146318
9947341
9916837
336431
7565548
201367
16450816
6291214
12713236
16243153
15628505
6095585
13994184
2481051
8432482
6475089
3838475
13103755
8579446
2914321
1572416
9516862
1072302
8376647
12733491
9880038
211927
9520890
16325764
14981712
14485641
8152714
5279970
7789366
5393577
6028102
9318496
1690125
976102
6643327
4039526
6895831
5103485
12251630
12909880
11878346
12482057
6552085
7458311
10599401
10136466
2625792
12703656
13189583
7729833
9280056
10095255
5753924
1515543
8347081
8262140
8095801
3562060
3314209
13823346
7741199
920259
7795240
9912348
7528457
1821030
6573579
5736293
13663735
1726725
1151351
7889441
11389474
4193356
669817
8492130
2174090
15690131
8146133
8535624
11833214
165758
7827369
302706
6503590
14406065
16074301
10361942
8826687
8655190
13202495
3194307
1033866
16062197
6664506
6270518
1631981
6606513
7307740
1921109
13208683
5745619
5222303
14695145
11034772
3189137
1128873
12346654
4789542
12286650
6526992
11541114
12504573
1494610
15052410
3713049
5291251
16021786
5477319
5913380
2384830
11854188
12827054
7560750
13803173
10098964
14569582
10731862
12567144
10736995
9553745
3699034
8751975
2752034
246365
2350523
15656823
8469981
12844980
6926086
5540480
10229382
16098089
9285115
6110047
15864444
6413324
7744505
10849803
1190088
4618201
2713177
4570454
15931768
7719726
9126607
6303012
12517914
10058138
11738077
10561829
3516306
8426259
2347878
4081557
15187925
15579986
8015932
7388866
2558050
4100915
2640673
2652768
14035965
14636525
9689629
2559708
7452563
6222683
4755330
14499904
4444668
5784766
14675443
318245
4954390
3678739
1451503
7830673
11423341
7465688
910611
16299155
365528
3001654
2417951
15598226
5401149
10353067
12380719
8817996
12146696
10532571
12918292
3370636
5164796
1810647
388074
15527813
12955510
7761945
14122000
16013784
11046799
10784376
7872425
390664
15498269
14031581
14081135
12949043
7691825
14833373
8255571
13663896
12942942
12180309
9900244
14200935
4789742
6707705
16694823
2120196
532987
14457120
188311
3702219
11418494
4467825
3599958
5142791
13035101
3741646
13608922
16771971
15025853
4516253
2437779
8143057
10517553
12862936
6934580
13543947
10150799
5415770
4004406
7687507
15427563
5302441
432224
5088011
11265665
5661708
13486127
12120879
16309814
7373773
12060635
8284892
5009134
16443050
1802859
3329634
3843295
2261231
4752606
5182168
16162291
14960690
5732571
4560519
13633607
8992184
8986775
8578261
13395716
10978646
8336319
2968790
15166189
5532715
9033500
4105175
12930152
10196691
9101945
12034980
7379473
10914210
16638713
15462770
3823469
14380599
8863091
13974181
10610693
3299326
4183499
9267926
14174617
1569926
1496933
9828000
12784186
15977520
10184908
16511998
16507307
12286858
1151882
10770143
2961031
8121517
16771529
2194186
13114550
14078518
6520839
9778697
7749832
14627312
11258460
9191732
1349924
7953387
11963683
12509104
1683280
10642085
2500846
8350295
8433376
13183503
3310461
13356863
7770703
9700501
14429266
15480736
7761289
1320637
6436082
9881753
7720861
4850423
8895612
9495871
15171308
14671600
6696283
6899212
6298124
5382708
13468719
16033458
16574857
16280086
9052618
3306215
10961096
4341967
15546654
11776151
11525259
7883848
14222980
13636974
10272966
15023219
12249434
2663045
6884317
7143454
9964868
2745942
14106590
6461920
13008521
4323051
8630467
8131697
3462941
4906912
5209744
13485491
9160904
2515561
5832882
12155361
319100
10029047
10969864
15199176
3355818
13385637
1759679
8960903
755608
9775961
4654435
13564464
14668089
14698523
6717798
10513828
1662694
8703305
1186514
4811887
9075827
11726299
14983164
8592561
13620943
748605
10076814
717592
15986196
4042170
11149468
8877736
8605501
7268747
10980679
9958233
14674496
13149416
6048459
6047713
6118212
2987151
11050237
13840801
6760144
956531
5720241
5256296
1118853
2683717
10547429
16237044
2580433
3698860
1661482
16438804
705905
13037077
9918042
14782477
4045059
10939878
4076155
15013718
3908908
1540107
5639529
11696352
16047070
14421909
5204984
9257473
11458860
16349239
9368838
9111212
12337913
7424576
6462058
14960897
8001087
7418999
2492532
14706725
2807106
12205132
5460605
10572611
398385
14190934
5381354
2568920
15095028
2823438
15956481
15236547
6633652
3622488
15475719
14280815
13055933
5133614
2908752
14952962
2914229
7991636
15514908
14355937
11747060
13693645
5082016
6749661
2212563
14577442
8033496
12774199
14456914
13909872
7634318
6289671
6449946
9853795
10221669
6341113
5861666
6435113
13622958
2208784
11702706
445577
11212414
15495144
5945146
14476286
320110
7994450
3091894
2305273
1879698
7605013
4080847
13978622
13320726
10063781
2115274
9481567
2384755
15666174
976236
11084821
1786669
3979814
8310200
7577616
1084587
2101700
6390797
2173190
11586332
1247231
8189349
1427621
13186806
10695705
4350917
3711890
1191243
8789128
8722974
14702219
3344889
339458
5735898
927818
4931214
15994769
6035362
7855315
7667386
6648841
11030976
739067
13190699
3436863
5670347
16262369
7026662
4358142
2503915
3909443
12886600
12862550
2915286
1127773
7987829
5260246
9585100
15582010
5858052
7003714
9269673
11293178
969396
12242142
10278666
10359991
11189525
15051718
8481021
13046892
345923
5285819
10357045
6757662
11272745
8870055
8246256
1444418
14172433
12815734
16771854
4141900
3328738
14665780
6399883
16350927
6911204
4213016
6087080
8025729
2436014
6663169
11580033
11682812
7835772
8559866
1176427
2205910
7613263
15226292
16165324
1927204
14582480
7157351
9925200
263990
6569824
16293954
12478031
4510404
10108039
9074087
13468502
9205847
7426197
14318704
6129706
6274363
4862754
3995671
3659399
13082537
13481498
7851014
12328435
10283086
15810289
8153440
9069705
2131136
16364739
15386228
5572474
14371506
385373
13117552
16005155
16159537
7560301
8266083
13407556
1359963
9873040
11650125
2042776
6404703
14621525
12035831
2056045
196035
14494473
11353189
5641048
13396009
6687910
16565034
9795607
7452138
11293475
4343657
5509343
12778768
16508197
8904987
13498135
5078352
10844200
6597473
10205751
8072111
12152356
14233764
10118668
8224665
5288938
14543112
14509069
4552991
507052
14130211
12766601
8427812
788863
14427149
11218363
10733354
10862603
7820738
13372796
8966471
1699618
6506846
7696447
2585826
3367077
9204513
2671752
15371632
10990272
3800076
1106555
16004478
8861009
11767239
13063028
10166504
12408917
772338
15017661
6439184
1430275
6049310
10715996
7641207
7399041
14256302
10258153
11859455
12707872
140913
9174741
2149524
11049860
10989330
3040834
13788619
5550652
5657270
10168241
7463036
15743506
2002594
5988654
5806870
12642959
9925004
11656321
3563466
9012003
5918269
16266474
4762213
1114867
9746998
11238040
8988645
329516
8484501
12278431
6673059
8944306
16708363
6607525
210419
3063542
9540736
1491632
15078873
1388531
7985952
4317085
2051474
15946098
750803
4280008
4703765
10543115
6797712
10344733
11089938
3510719
6944210
11569792
9864709
3835529
668734
7386096
923501
3249614
2183643
1356815
13512760
5699653
8089456
7752937
13300662
6409159
10296932
7563247
6617997
9434418
4376343
7754673
11552059
436648
4391401
4207597
8521405
8583509
12661292
8295620
10930462
10549309
10836713
13891451
1063049
2839197
8949740
8616773
8087958
16732142
4176257
8407239
202109
6778599
11189861
7769288
4550298
992114
13051096
3610479
2871255
11793165
8087842
12204755
10323758
15903228
14265571
14579539
1861997
5110061
13893194
14266162
4949786
8200164
1818789
10411864
9650998
2150929
13641773
8532430
8253492
12724824
534666
9517472
5433680
15782651
3442804
1339451
5868036
6402092
13720562
2614292
1461776
1578639
1130991
9586841
157192
6500165
2240657
13250992
16316957
15443273
2497864
5096201
1096245
1604538
5151157
7413373
8977149
210730
4506762
6528584
15267611
12577582
13456667
8239530
2723108
10464769
9875653
3489210
2320959
14627951
13040222
12339876
12952061
13010181
16381109
14606451
12884231
7520494
7072176
3827623
1996254
6340648
12979920
2609795
1592289
1626896
9506282
7345578
2780528
10248915
3300479
8438561
3407076
7256556
4148626
10525461
14640515
14164838
5285881
9868266
9570482
8409224
4513273
2420784
10060737
9301579
235917
3919573
8494027
2309131
12350216
2468275
3435088
14932186
8426676
10910234
5235212
10076686
5930453
9624416
3830727
9200106
2930902
14498467
14383522
11052412
10900389
508449
2904198
6310736
2710796
4693831
3118627
6962718
16526961
15861382
4391394
2880791
13462988
13240426
10001420
16708702
13860741
13048338
15647524
11006155
6984397
5499190
15485023
3174466
1901668
10195791
11072467
6586514
15921927
2955552
5878690
7413820
14644607
8683015
8751699
13230952
3591209
8033745
7318252
14238148
556508
480916
9304384
16756041
12837474
1208120
652633
9915236
1700437
15653043
11388307
10352533
7605458
15835355
12724090
4816167
2160256
8186820
10243841
8647544
7459473
873760
15901221
11629070
6415577
14469095
2588567
4740518
1059725
4290743
2901311
11195011
6580056
1175774
13777682
11874351
4261940
4365779
7944916
2866533
15283461
10016033
14776799
14687426
6373947
10025039
15534636
8266419
14573731
11321616
6291281
2561827
4327513
767370
2088478
8986721
15338519
7759793
560645
4330784
11384414
9903109
10917211
423778
4828070
5538786
8872162
5195483
9722492
8960129
16568048
3040380
13224857
5703280
13206217
2881444
11855893
6121419
6271156
4296165
6128248
15132411
12673623
2377021
5195776
14370259
13476076
9784382
5595495
1376022
6927054
5132497
8721802
5600331
11835340
11557624
11389891
481416
8539786
3943014
6219550
13976687
1575206
324004
15869611
657702
15491859
15107350
1212644
2201894
12235257
7564621
477305
14227498
5878322
15155171
212807
5525544
3920149
13108823
260055
2751087
6956833
16252011
4548258
7875153
7765411
9213173
9970057
15135885
6513199
14047809
11457802
10749143
6875578
8985541
12759945
6365995
14889206
5307215
8508029
16531074
1206984
6337950
9094022
4000651
3288203
2241263
8350565
10149274
11279623
4233485
7523959
3106732
2026148
14757660
13754550
5010620
3072697
11413934
11040328
8545007
10768956
14583937
8341654
3989036
11033457
14255297
9579082
11447729
15120294
2978733
3963362
13086450
15809297
10329138
4103812
14397383
6383504
10439490
7654501
2145357
11543501
10602626
7331186
9089856
12008434
11393122
15603503
15677373
11588068
10665896
7018336
9970266
14072160
6396968
16229851
15974218
4850511
14947450
6494707
8512805
11208388
9988733
5283101
3754288
5706017
5228446
7705081
953513
709872
15328275
16414338
12979102
5549011
8325281
6742314
8669961
3342103
5294800
1104560
12085950
15505206
5638953
14903523
4110738
8802444
10078580
995597
15634591
6069842
3983846
16102027
9379606
16674786
6952140
13220637
2595903
15155935
5355065
6870439
936584
4289241
1067578
655747
13848148
13690778
3778859
5890900
12789570
791049
2497758
15251437
15647753
811065
1961917
14939692
2355680
4445926
4964393
15076572
13904214
2878768
11665943
12766524
7038499
12251646
10914864
12753300
6968864
1815814
12999336
1282088
13590458
6335215
2037115
15783448
1573581
3590265
15660996
16024086
14629227
8359719
6676404
2692233
7252605
10988074
7100358
10027132
8763263
6137810
585696
9869006
739975
994832
3618117
4797038
9206761
7541495
9556116
14897358
13826165
10899556
9301613
9716877
12313595
4349773
14751700
8083763
13549860
8740696
15751167
4781344
7979318
14024119
7089140
14477812
10054960
10911288
10994184
14453654
5611527
12517091
15852110
11280794
15114334
16196681
7940575
4726242
1982698
7546643
13279240
14316947
12931894
13878551
1636978
9911795
13863384
14755201
4776646
193896
13492067
13650797
3166568
10080459
6457204
3371098
5342346
1842754
3522849
2063291
10716468
13559901
136921
7924187
7580564
920967
6736204
3976733
13802900
5898446
1737344
8914548
468101
4219133
15254869
2661314
2659730
3340584
13155873
15445890
320164
3015239
5872556
13317875
4035474
14780209
5308159
7115154
6066038
4356876
9995491
14528628
4245877
2538863
7614345
7202987
6385802
10632899
13853488
977012
16016477
6980089
3813057
929943
13924291
6919770
8340336
14652625
15915305
13470784
8383822
11690677
14487520
11962804
4508772
5661166
4911139
6596430
10636200
7708215
13116565
8340041
12503625
736968
11614202
12815805
12394064
11615079
2163467
5894596
16260738
3793048
14155150
9485273
2813555
12869071
654588
11880193
13444218
13784497
3050398
9178163
8253166
662752
4273744
12643149
13440611
8469216
11356894
15194649
11218721
12996086
6337140
16539949
11806224
5493243
15229060
1162541
15095409
712264
3642433
15855009
4511618
9622516
7839454
13285549
9577712
16285377
2592958
12645431
3060838
2057230
7405807
11333756
13014805
9381678
7787139
4283836
11774236
9307528
6979505
1613214
1104875
5614026
7076116
4473087
14566798
4710509
10802418
9376565
7818921
1782695
13991152
2298993
7320931
10681803
13153652
1780889
6575642
6826465
7442099
1191681
3443926
3698442
9515326
8025264
10907077
14636835
1934599
15945239
753868
6524830
4341440
7847457
11382337
9490558
7740092
4797948
10930781
3783637
10746572
3586930
2223003
12147703
14031811
8540578
2248566
652025
8641782
8285633
16511552
7567083
634224
11236873
7582662
13493889
5571932
3012637
14978140
2907553
4922296
7314750
4861603
16511888
12967538
8949040
9620228
15444258
6750914
11766833
16411653
4419456
8360654
771146
2265145
15678403
11323801
13952602
972885
1477548
2313358
5614186
9472016
2181220
10334273
2437492
6586424
843837
907605
5987175
15442173
12141530
15741193
11975475
1976051
5597499
15999868
8640202
8234150
7242635
7414361
13709906
3301290
14707848
11007608
8067972
13161525
1978280
13624270
1840080
1199892
2317087
11581950
10050833
6511742
6030097
3993329
9948351
14632157
11160378
10040572
6249504
5707776
13899350
15360339
15442042
7312729
4596905
13762286
3904625
7235098
13215440
5669722
12059293
12912056
10880020
789397
16255206
11657320
13200980
1633419
15934377
13284966
2078042
14398119
8519302
5138610
