97633,50169
97633,51388
98053,51388
98053,52612
98121,52612
98121,53791
97553,53791
97553,55037
97842,55037
97842,56266
97846,56266
97846,57426
97350,57426
97350,58619
97125,58619
97125,59874
97196,59874
97196,61112
97124,61112
97124,62268
96696,62268
96696,63421
96283,63421
96283,64469
95550,64469
95550,65738
95513,65738
95513,66705
94617,66705
94617,67874
94289,67874
94289,68894
93601,68894
93601,70390
93964,70390
93964,71345
93126,71345
93126,72472
92651,72472
92651,73413
91831,73413
91831,74485
91258,74485
91258,75499
90587,75499
90587,76340
89659,76340
89659,77743
89559,77743
89559,78583
88636,78583
88636,79292
87566,79292
87566,80495
87129,80495
87129,81551
86489,81551
86489,82338
85538,82338
85538,82960
84428,82960
84428,83753
83513,83753
83513,84878
82919,84878
82919,85891
82195,85891
82195,86570
81169,86570
81169,87300
80193,87300
80193,88282
79415,88282
79415,88904
78355,88904
78355,89350
77181,89350
77181,90531
76506,90531
76506,91216
75487,91216
75487,91729
74365,91729
74365,91726
72966,91726
72966,92611
72065,92611
72065,92996
70901,92996
70901,93306
69711,93306
69711,94632
68965,94632
68965,94560
67615,94560
67615,94987
66479,94987
66479,95268
65293,95268
65293,96031
64262,96031
64262,96593
63152,96593
63152,96107
61763,96107
61763,96817
60688,96817
60688,96598
59403,96598
59403,96994
58250,96994
58250,97327
57078,97327
57078,97447
55871,97447
55871,97416
54651,97416
54651,97992
53483,97992
53483,97614
52244,97614
52244,98218
51050,98218
51050,97564
49830,97564
49830,97533
48626,97533
48626,97551
47418,97551
47418,98197
46157,98197
46157,97889
44957,97889
44957,97834
43734,97834
43734,96980
42631,96980
42631,96822
41435,96822
41435,97007
40165,97007
40165,96661
38997,96661
38997,96756
37716,96756
37716,95776
36725,95776
36725,96100
35355,96100
35355,94983
34445,94983
34445,94538
33324,94538
33324,94626
31989,94626
31989,93592
31109,93592
31109,93900
29639,93900
29639,93313
28562,93313
28562,92683
27510,92683
27510,91855
26573,91855
26573,91604
25308,91604
25308,90550
24523,90550
24523,89590
23705,89590
23705,89166
22531,89166
22531,88414
21581,88414
21581,87970
20391,87970
20391,87157
19480,87157
19480,85960
18906,85960
18906,85289
17888,85289
17888,84890
16596,84890
16596,83958
15799,83958
15799,83089
14941,83089
14941,82223
14076,82223
14076,81162
13437,81162
13437,80222
12665,80222
12665,79061
12178,79061
12178,78126
11409,78126
11409,77047
10843,77047
10843,76018
10214,76018
10214,75079
9443,75079
9443,74349
8298,74349
8298,73213
7824,73213
7824,71853
7798,71853
7798,70854
7099,70854
7099,70043
5964,70043
5964,68722
5939,68722
5939,67789
5000,67789
5000,66447
5101,66447
5101,65341
4589,65341
4589,64130
4394,64130
4394,62950
4123,62950
4123,61779
3828,61779
3828,60761
2866,60761
2866,59581
2518,59581
2518,58326
2574,58326
2574,57096
2546,57096
2546,55889
2402,55889
2402,54675
2335,54675
2335,53496
1823,53496
1823,52242
2446,52242
2446,51055
1537,51055
1537,50158
94553,50158
94553,48602
1655,48602
1655,47417
2426,47417
2426,46212
2495,46212
2495,44931
1861,44931
1861,43716
2028,43716
2028,42547
2484,42547
2484,41413
3053,41413
3053,40219
3253,40219
3253,38948
3131,38948
3131,37781
3493,37781
3493,36666
4021,36666
4021,35499
4353,35499
4353,34308
4622,34308
4622,33146
4986,33146
4986,31853
5036,31853
5036,30844
5795,30844
5795,29981
6836,29981
6836,28842
7252,28842
7252,27398
7103,27398
7103,26658
8297,26658
8297,25462
8653,25462
8653,24546
9485,24546
9485,23182
9622,23182
9622,22162
10307,22162
10307,21468
11433,21468
11433,20404
12045,20404
12045,19318
12644,19318
12644,18423
13481,18423
13481,17650
14449,17650
14449,16818
15340,16818
15340,16269
16508,16269
16508,15220
17174,15220
17174,14370
18039,14370
18039,13369
18779,13369
18779,12740
19839,12740
19839,11686
20560,11686
20560,11187
21711,11187
21711,10610
22791,10610
22791,10086
23897,10086
23897,8826
24539,8826
24539,8142
25560,8142
25560,7773
26758,7773
26758,7563
28024,7563
28024,6765
28982,6765
28982,6693
30288,6693
30288,5617
31140,5617
31140,5479
32399,5479
32399,4547
33350,4547
33350,4889
34759,4889
34759,4575
35925,4575
35925,3949
37000,3949
37000,3359
38100,3359
38100,3528
39390,3528
39390,2505
40415,2505
40415,2601
41678,2601
41678,2274
42862,2274
42862,2479
44119,2479
44119,2221
45313,2221
45313,1731
46496,1731
46496,2168
47744,2168
47744,1907
48952,1907
48952,1542
50172,1542
50172,2100
51384,2100
51384,1779
52617,1779
52617,2529
53784,2529
53784,2493
55001,2493
55001,2756
56187,2756
56187,2804
57402,2804
57402,2813
58630,2813
58630,3262
59778,3262
59778,3665
60925,3665
60925,3318
62264,3318
62264,3921
63362,3921
63362,4155
64563,4155
64563,4998
65561,4998
65561,5017
66841,5017
66841,5267
68053,5267
68053,6018
69059,6018
69059,6882
69997,6882
69997,7053
71256,7053
71256,7775
72247,7775
72247,8275
73353,8275
73353,8639
74546,8639
74546,8997
75759,8997
75759,9789
76706,9789
76706,10314
77831,10314
77831,11464
78508,11464
78508,11947
79672,11947
79672,12971
80412,12971
80412,13655
81426,13655
81426,14151
82620,14151
82620,15655
82880,15655
82880,16408
83831,16408
83831,16871
85100,16871
85100,18203
85446,18203
85446,18889
86501,18889
86501,19855
87238,19855
87238,20674
88165,20674
88165,21508
89091,21508
89091,22808
89365,22808
89365,23586
90390,23586
90390,24769
90800,24769
90800,25597
91793,25597
91793,27060
91678,27060
91678,27961
92558,27961
92558,29178
92831,29178
92831,30029
93874,30029
93874,31214
94208,31214
94208,32417
94474,32417
94474,33336
95489,33336
95489,34503
95867,34503
95867,35879
95570,35879
95570,36938
96268,36938
96268,38056
96813,38056
96813,39271
96990,39271
96990,40548
96833,40548
96833,41714
97196,41714
97196,42898
97483,42898
97483,44122
97495,44122
97495,45308
97827,45308
97827,46513
98040,46513
98040,47749
97735,47749
97735,48960
97719,48960
97719,50169
