[.#.#] (0,2,3) (1,3) (2,3) (0,1,2) (0) {31,4,31,29}
[#..#..##.#] (1,2,3,4,5,6,7,8,9) (2,5,6,7) (0,1,3,5,7,8) (0,2,3,5,6,8,9) (0,1,3,5,6,7,8,9) (4,7) (3,5,7) (4,6) (1,2,4) (0,1,2,4,5,7,8,9) {34,50,61,55,68,80,58,88,50,48}
[....#] (0,2,3,4) (1,2) (0,2,3) (0,1) (0,4) (0,2,4) {56,27,37,17,27}
[#..#.###.] (2,7) (0,2,3,5,6) (1,2,4) (0,1,8) (0,1,3,4) (4,5,7) (0,1,3,5,6,7,8) (2,3,4,5,7,8) {162,179,40,30,44,38,18,52,161}
[#.###] (1,2,4) (2,4) (0,1) (1,3,4) (0,1,4) {10,33,28,15,44}
[#.#.] (1,2,3) (0,2) {4,1,5,1}
[.###..###.] (2,3,4,5,8) (0,2,3,5,7,8,9) (2,4,5,8,9) (1,7) (2,5,6,9) (1,2,4,5,6,7,8,9) (2,4,5,7) (1,5,6,9) {16,33,62,32,46,78,30,46,49,49}
[#.##.#.#.#] (0,1,2,3,4,5,8) (1,8) (1,4,5,6,8,9) (1,2,5,8,9) (0,1,2,3,4,5,6,8,9) (2,3,4,6,8,9) (5,7,9) (0,1,2,3,4,5,6,7,8) (0,2,4,5,6,7,8,9) {39,76,63,40,67,92,61,46,93,76}
[###.#..] (0,1,3,5,6) (1,4,5,6) (2,6) (1,3,6) (1,3,4,5,6) {1,27,6,11,20,21,33}
[###..#.#] (1,2,3,4,5,6) (2,3) (0,2,4,6) (0,5,6) (3,5) (0,1,2,4,5,7) {21,10,16,2,16,17,15,8}
[.#.####...] (0,1,4,6,7,8) (1,5,8,9) (1,6) (0,2,4,5,9) (1,3,4,6,8) (0,4,5,8,9) (2,6,7,8) (1,2,3,5,6,7,8) (0,2,6,7) (1,4,5,8,9) (1,2,3,4,5,8,9) (0,1,2,3,4,5,7,8) (1,3,5,6,8) {29,77,54,44,63,72,44,37,84,49}
[..#...#] (0,2,3,5,6) (2,5) (1,4,5) (1,2,3,5) (1,2) (2,3,5,6) {9,199,39,17,182,204,17}
[##.#.#] (1) (0,1,2,3) (0,1,2,5) (3,4) (0,4) (1,5) (2,5) {39,42,22,21,24,26}
[......###.] (0,2,3,4,6,8) (5,8,9) (2,6,7) (1,2,5,6,7) (1,2,3,4,5,7,8,9) (0,5) (0,5,6) (1,4,5,6,8,9) (2,8) (3,5,7,9) (0,1,6) {53,45,19,12,24,193,66,21,153,155}
[.##..#] (1,2,5) (0,1,2,3) (0,4,5) (0,3) {17,21,21,17,0,5}
[####.#.#.#] (3,4,6,8) (1,3,4,6,8) (2,3,5,6) (0,1,6,7,8,9) (0,1,2,8) (0,1,2,3,7,8,9) (1,2,4,6) (0,4,5,6,9) (0,1,2,3,5,7,9) (0,3,4,5,6,7,9) {51,38,54,49,28,47,49,24,31,37}
[...##..] (1,4) (2,3,4) (0,1,2,4,5,6) (0,5,6) (1,2,3,4,5,6) {18,38,32,28,48,36,36}
[.##.####] (0,1,2) (0,7) (0,1,2,6,7) (1,3,4,6,7) (2,4,5,6,7) (0,1,3,4,6,7) (3,7) (2,7) (0,1,2,3,5,6,7) (0,4,7) {225,72,54,66,44,18,71,271}
[####...#.#] (2,6,8,9) (0,2,4,7) (0,1,6,7) (1,2,6,7,9) (0,1,2,3,4,6,7) (0,2,4) (0,1,2,4,5,6,8) (3,5,6,8) (0,6,9) (0,1,4,5,6) (0,1,4,5,6,7) (3,8) (1,6,7) {70,85,46,29,50,35,103,69,25,22}
[#...#..##.] (1,2,3,4,6,9) (4,9) (1,2,3,4,5,6,7) (1,3,4,5,6,7,9) (1,3,4,8,9) (2,3,8) (1,4,5,6,7) (1,4,5) (1,2,3,6,7,9) (0,1,2,3,4,5,7,8) (0,4,5,7) (0,1,2,4,6,7,8) {14,78,67,67,84,35,68,57,17,62}
[#.##.##..#] (1,2,3,4,6,7,8,9) (0,3,4,5,6,7,8) (1,2,3,4,6,7,9) (0,3,5,6,7,9) (0,1,4,5,6,7) (2,3,4,7,8) (0,1,3,4,5,7) (0,1,3,4,5,6,8,9) (0,1,3,9) (0,1,2,4,5,7,8,9) (1,2) (6,9) {92,75,35,75,73,73,80,84,42,88}
[#......#..] (2,9) (2,3,4,5,6,8,9) (0,1,2,3,4,5,6,7,9) (0,2,3,4,5,6,7,8,9) (6) (0,1,2,9) (0,2,3,4,5,6,8,9) (0,7,8) {61,32,72,42,42,42,47,31,45,72}
[#.#.#] (0,1,2,3,4) (0,2,4) (0,2,3) {29,17,29,20,26}
[....#] (0,2) (2) (1,2,3) (0,4) (4) (0,1,3,4) {10,10,136,10,12}
[.#...] (1,2,3) (3,4) (2,3) (0,2,4) (1,3,4) (0,4) (1,2) {29,19,33,36,42}
[#####] (0,1,2,4) (0,1,2) (3) (1,3,4) (2,3) (0,1,4) (1,2,3) {37,61,65,42,32}
[#.#..#.#] (3,5,6) (0,2,3,5) (2,5,6,7) (2,3) (1,3,5) (0,1,2,3,4,5,7) (2,4,6) {21,30,53,56,28,72,49,28}
[#.##..#.] (1,2,3,5,7) (5,6) (1,2,3,4,5,6,7) (0,5,6) (3,4,5,6) (2,5) (2,4,5,6,7) (3,5,6,7) (0,1,2,4,6,7) {12,23,50,200,198,246,224,38}
[.#.#..#] (1,5) (4,5) (0,1,2,3,4,6) (1,2,3,5,6) (0,1,2,3) (2,6) {23,44,43,27,16,24,33}
[..#...#] (0,3,4,5,6) (1,2,5,6) (0,1,3,5,6) (3,4) (1,4,6) (0,1,3,4) (2,4,5,6) (0,1,2,3,4,5) (0) {55,47,38,59,73,61,50}
[####...] (1,2,3,5) (4,5,6) (0,6) (0,1,2,3) (0,1,5,6) (1,2,3,4) (0,1,3) {26,39,17,23,13,22,19}
[##.#] (1) (0,1,3) (0,3) (2,3) {33,15,15,48}
[#.##] (1,2) (2,3) (2) (0) (1,2,3) (0,2,3) {20,9,43,36}
[..###..###] (0,1,2,3,4,5,7,9) (4,5) (2,3,4,7,8,9) (0,1,2,5,6) (0,3,5,6,7) (0,2,3,4,6,7,8,9) (0,1,4,6,7,8,9) (0,3,4,5,8,9) (0,1,2,3,4,6,7,8,9) (1,3,7,8,9) (1,3,4,5,6,7) {64,39,47,79,241,231,47,69,35,55}
[.#####] (0,1,3) (0,4,5) (0,1,3,5) (0,2,4,5) {40,23,3,23,17,22}
[.#..##..] (0,1,3,4,5,7) (0,2) (1) (0,1,2,4,5) (2,4,5,6,7) (0,1,2,5,6) (2,3,4,5) (0,2,3,5,6,7) (1,3,4,5,6,7) {71,67,86,73,89,106,49,66}
[.#.#.] (0,3,4) (2,3) (1,4) (0,1,2,3,4) {17,156,18,20,158}
[###.] (2,3) (0,1,3) (0,1) {14,14,11,12}
[..#...] (1,4,5) (0,1,2,3,4) (2,5) (0,2,4) (0,5) (1,2,3,5) (0) {31,25,30,24,14,31}
[#.##.] (0,1) (3) (1,2,3) (0,2,3) (1,4) (0,2) {165,164,35,44,10}
[#.#.#.] (1,2,5) (1,2,4,5) (1,3,5) (0,3,4) {1,33,19,15,16,33}
[#..#...] (1,3,4,5,6) (1,2,3,4,5) (0,2,5,6) (0,1,2) (0,4,5) (0,1,2,4,5) {44,51,39,30,56,63,26}
[..##] (0,1,2) (0,1) (0,2) (0,3) {48,15,25,14}
[#..#.....] (0,3,4,5,7,8) (2,5) (3,5,6) (4,6,7,8) (2,3,4,5) (2,3,4,7) (1,3) (0,5,7,8) (0,2,4,5,6,7) (0,2,3,7) (5,6,7) {35,16,53,64,58,76,37,69,36}
[.#....] (0,1,4) (0,2,5) (1,2,4,5) (1,2,3) (0,1,3) (2,4) (0,2,3) (1,3) {60,49,47,39,29,25}
[#.#.] (0,1,3) (0,2) (0,1,2) (1,3) {52,37,32,25}
[#.#..#.#] (1,2,5,6) (0,1,2,3,4,7) (1,2,4,5,6,7) (1,2,3,4,5,6) (2,3,4,5,6,7) (0,2,3,4,5,7) (0,4,5,7) (2,3,5,6) (0,1) (0,4,6,7) {160,44,65,54,178,185,72,164}
[.#####...] (3,5) (0,1,2,4,5,6,7,8) (1,2,3,4,6,7,8) (0,3,4,5,6,7) (1,2,3,4,5,6) (0,1,2,4,5,7,8) (5) {41,48,48,42,60,52,46,60,48}
[..#.#.#] (0,4,5,6) (0,3,5) (2,6) (1,6) (0,2,3,4,5,6) {23,11,29,21,20,23,42}
[##.#.#.##.] (3,4,6) (0,1,4,6,7,8,9) (0,1,2,5,7,9) (1,3,7,8,9) (1,2,3,4,5,7,8,9) (0,1,2,3,4,7) (1,2,3,8) (0,1,2,4,5,8) (1,3,6,9) (1,3,7,9) (3,5) (0,1,2,3,4,6,7,8,9) (0,1,4,5,8,9) {167,207,67,89,174,32,150,167,166,169}
[#..#.##] (1,2,3,4) (1,5) (2,3,5) (1,2) (0,5) (2,5,6) (1,3,4,6) {2,22,32,28,11,23,6}
[##.#.] (0,4) (1,2) (0,2,3) (3,4) (1,3) (2,3) (0,2,3,4) {40,16,52,71,29}
[#........] (0,1,3,4,7) (0,2,5,7,8) (0,3,6,7,8) (0,2,3,4,6,7,8) (1,2,5,6,7) (0,1,2) (1,3,4,7) (4,6) (0,2) {52,41,47,43,36,22,35,65,33}
[...##.#.##] (0,1,3,4,5,6,7,8) (0,1,3,4,7,8) (0,1,2,4,6,7,8,9) (0,1,8) (0,1,2,3,4,5) (8,9) (2,5) (3) (1,3,4,5,6,7,8,9) (4,8) (1,2,4,5,6,7,8) {83,121,67,77,123,90,72,91,127,48}
[.##.#.] (0,5) (0,1,2,3,5) (0,1,4,5) (0,1,4) (1,3) {31,37,9,20,17,22}
[###..#...] (1,3,4) (0,2,3,6,7) (0,2,3,5,7,8) (0,2,7) (0,2,3,5,6,7,8) (0,1,4,6,7,8) (0,1,2,3,5,6) (0,1,2,4,5,7,8) {73,54,71,63,40,60,35,59,48}
[.#.##.#] (0,2,3,5,6) (4,5) (0,1,4,5,6) (1,2,5) (0,1,2,3) (2,5,6) {216,216,242,216,0,42,26}
[.###..#.#.] (1,2,5,6,7,8) (1,5,7,9) (1,3,4,5,8,9) (0,5,7) (1,2,3,4,8,9) (2,3,5,8,9) (1,2,4,5,6,7) (1,3,4,9) (2,3,4,5,7,9) (1,5,9) (0,2,6) {17,74,36,44,45,76,12,38,49,67}
[##.#####] (0,2,3,4,5,6,7) (0,1,5) (0,2,6) (0,2,3,4,5,6) (0,1,3,4,5,6,7) (0,6,7) (0,1,2,3,6,7) {107,49,64,63,47,62,92,54}
[...#.##] (4,5) (0,3,4) (0,1,4,6) (0,2,3,5) (1,5) (0,1,2,3,5) {65,43,34,54,34,49,11}
[###.#.##] (1,2,3,5,6) (1,4,5) (1,3,4,7) (2,4,5,6) (0,1,2,4,6,7) (1,2) (0,5,7) {19,38,10,21,30,40,7,34}
[#######.] (1,3,5) (1,3,4,5,7) (1,2,3,4,5,7) (0,4,6,7) (2,3,7) (1,3,4,6,7) (1,4,5,6,7) (0,1,6) (0,2,3,4,6,7) {23,198,30,208,50,183,41,55}
[.##.#...#] (1,2,3,6,8) (0,1,3,4,6) (0,7) (0,4,6) (5,7) (1,2,3,5,6,7,8) (1,2,3) (0,2,3,4,5,7) (0,3,4,5,6,7,8) (3,7) {217,61,201,236,204,199,80,217,46}
[..###] (2,3,4) (0,1,4) (0,1) (0,1,2,4) (1,2,4) {222,242,228,14,241}
[..#.#..##] (1,3,6,7,8) (1,3,4,5,6,8) (0,1,4,5,6,7,8) (0,3,5,6,7,8) (0,1,2,6,7) (0,1,3,4,6,7,8) (1,3,4,5,7) {46,73,18,66,38,38,73,76,55}
[#.###] (0,2,3,4) (1,2,4) (0,1,2,4) {135,128,147,19,147}
[..##] (0,1,2) (1) (0,3) (0,2) {34,34,22,12}
[.##...#.] (0,2,5,7) (2,3) (4) (0,4,5,6,7) (0,1,2,3,4,5,6,7) (0,2,3,4,5,6) {32,9,39,34,29,32,27,14}
[.#..#.#] (0,2,6) (0,1,3,5) (0,1,3,5,6) (1,3,4) (0,3,4,5,6) (1,4,6) (0,3) (0,1,2,3,5) {63,42,20,59,14,36,23}
[.#.#####.#] (0,2,3,4,6,7,8,9) (0,2,6,8) (0,1,2,6,8,9) (2,3,4,5) (2,3,4,5,6,7,8,9) (0,2) (1,2,3,4,6,9) (0,2,5,7,8) {40,27,70,38,38,23,56,26,49,48}
[#.#.#.#] (0,5,6) (0,1,2,3,4) (0,1,2,5,6) (0,1,3,4,6) (0,2,4,6) (5) (0,1,4) (0,1,2,3,4,5) (4) {48,38,24,9,35,41,23}
[###....#..] (0,2,4,9) (0,7) (1,2,4,6) (1,4,5,7,8) (0,1,3,5,7,8,9) (0,2,5) (0,1,2,3,6,7) (1,2,4,5,7,9) (5,6,8,9) (0,4,6,8) (0,1,2,3,4,5,6,8,9) (1,2,3,4,5,6) {197,55,181,40,62,198,45,41,53,50}
[.##....##] (1,2,4,7) (0,2,3,4,6,7,8) (2,4,6) (0,2,3,6,7,8) (1,2,8) (3) (0,1,2,3,5,7,8) (0,2,5,6) {55,42,84,51,34,35,42,51,51}
[.#####.] (1,3,4,6) (1,3,4) (1,3,4,5) (1,2,3,4,5) (0,1,2,4) (4,5) (0,1,2,3,5) (1,6) {17,76,29,49,66,47,31}
[.#..] (3) (0,3) (1,2) (0,1,3) (1) (0) {54,44,17,39}
[#.##] (0,1,3) (0,2,3) {27,16,11,27}
[#.....] (3,5) (0,1,3,4,5) (0,2,3,4,5) (0,1,5) (1,4) (0,1,2,5) {200,207,5,20,29,201}
[.#..###.#] (0,1,2,4,5,6,7,8) (1,3,4,6,7,8) (1,3,6) (0,1,3,4,5) (1,2,3,4,5,6,8) (4,8) (0,2,4,7) (4) (2,3,4,5,8) (0,3,5,6,7,8) {41,50,22,46,84,39,34,30,43}
[.####.] (0,2) (1,2) (1) (0,5) (0,2,3) (0,1,4) (1,3,4,5) (1,2,4,5) {12,28,23,5,15,12}
[#....#.#] (0,2,3,5,6) (2,5,7) (0,1,4,5,6,7) (2,6) (3,4,6) (1,7) (0,6) (0,1,2,3,4,7) {42,23,38,27,21,30,50,27}
[###.] (0,1,2) (1,2) (1,2,3) (0,3) (1) {148,181,171,15}
[#.#....#] (0,3,6) (2,4,5,6) (3,5) (1,2,3,5,6) (1,2,4,6,7) (1,3) {10,23,8,185,3,160,18,1}
[#.#.##.] (0,1,3,5) (0,3,5,6) (1,2,3) (0,6) (0,2,3,4,6) (2,5) (0,4,5) (1,3,6) {228,210,37,243,30,213,50}
[..#.#..#] (2,5,6,7) (1,2,7) (0,1,4,5,6) (0,3,4,5,6) (0,1,5,6,7) (0,1,2,3,7) (0,1,2,5,6,7) (4,7) {45,49,41,21,18,31,31,52}
[.##.] (2,3) (0,3) (1,2) (0,2) (1) (3) {20,21,30,47}
[.###.##] (0,1,2,6) (0,3,5) (0,1,2,4,6) (3,4,5,6) (1,2,3,4,6) {25,32,32,205,222,198,230}
[##..##] (0,2,4,5) (2,4) (1,3,4,5) (0,1,3,4) (2,3) (1,4) {185,43,206,45,229,188}
[..#.##] (0,2,4,5) (2,4,5) (1,2,3,4) (0,1,2,4,5) (0,3,4) (1,3,5) {29,21,47,33,59,28}
[.#....#.##] (2,3,5) (1,4,6,7,8) (3,4,5,6,8) (1,2,3,5,7,8,9) (0,2,3,4,5,6,9) (0,1,3,4,5,7,8,9) (1,9) (0,2,4,5,8) {18,38,43,46,34,59,20,20,48,41}
[#..#] (1,2,3) (1,2) (0,3) {19,11,11,25}
[##..##] (1,2,3,4) (3,5) (1,2,5) (1,2,4,5) (0,1,5) {9,33,24,18,14,39}
[#.#....###] (5,7,8) (0,1,3,5,7) (0,3,8) (0,1,2,3,5,6,7) (0,1,2,3,5,6,7,9) (0,2,4,5) (4,9) (3,5,7,8) (0,1,2,4,6,7,9) (1,2,3,4,5,6,7,9) (2,4,6) {70,64,67,63,56,90,50,84,28,44}
[#...#.] (0,2,3,4,5) (0,1) (0,1,2,3) (0,2,3,5) (1,4) {47,44,34,34,14,14}
[.#.##.#...] (0,6) (4,5,6,7) (0,1,2,3,4,5,9) (1,2,3,4,5,6,7,9) (4,7) (1,3,4,6) (2,3,6,8) (0,1,3,9) (0,2,3,4,5) (0,3,4,6,7,9) {54,34,43,69,61,33,40,17,10,26}
[.##..##] (0,2,4,5,6) (2,3,4,6) (0,1,2,3,4) (1,2,5,6) (0,3,5) {26,2,19,13,17,28,19}
[...####] (5) (1,3,4,5,6) (0,1,2,3) (0,1,2,3,5) (2,6) (1,2,5,6) (2,3) {26,41,175,48,5,32,137}
[.#...#] (1,2,4) (0,1,2,3) (0,2,3) (1,3,4) (2,3) (1,3,4,5) {23,124,29,139,110,109}
[####...] (0,1,2,5,6) (2,5) (0,1,2,3,4,6) (1,2,6) (1,2,3,4,5,6) (5) (0,3,5,6) (0,2,3,4,5) (0,2,4,6) {28,37,59,16,17,55,40}
[..#.#.##] (0,1,2,3,4,5,7) (3,7) (0,1,3,5,6) (0,1,2,4,5,6,7) (1,3,4,5,7) (0,1,2,3,6,7) (0,2,4,5,6,7) (0,1,2,3,4,7) (0,5,6,7) (5,6) {66,61,39,79,51,79,54,85}
[###.] (0,2) (0,1) (0,1,3) (1,2,3) (3) (1) {27,33,6,22}
[.#..##.] (2,3,4,6) (0,2,3,4) (2,3,4,5,6) (0,1,3,4,5,6) (0,1,4,5,6) (4,5) (0,1,3,6) (0,2) {35,28,16,32,58,51,37}
[.#.#] (1,3) (0,2) (0,1) (0,3) {25,10,2,23}
[##.##] (0,4) (2) (0,1,2,4) (0,1,4) (1,3) (0) (2,4) {31,28,27,10,29}
[..##.] (0,2,4) (0,3,4) (0,1,2,4) {210,1,190,20,210}
[##.#.] (3) (0,1,2,4) (1,2,4) (0,2,4) (0,2,3,4) {24,14,35,20,35}
[####.] (0,3,4) (0,2,3,4) (1,2,3) (2,3,4) {4,14,19,19,5}
[###.#] (0,1,2,3,4) (0,1,2,4) (2,3) {138,138,154,25,138}
[#..##.] (0,2,4,5) (5) (0,1,3,4) (1,2) (1,3,4) (0,1,5) {38,50,14,29,39,42}
[.##.##..#] (0,2,3,4,7,8) (1,2,4) (1,2,3,4) (0,1,2,5,6,8) (0,1,2,3,4,8) (0,1,2,3,4) (6,8) (1,5,7) (3,6,8) (2,4,5,7) {63,68,98,85,86,37,38,42,73}
[.###.#..#] (0,1,2,3,4,5,7) (0,1,4,5,7,8) (0,2,3,5,6) (1,3,5,6,8) (0,4) (2,5,6) (4,6) (0,4,8) {46,23,28,33,52,37,39,14,13}
[####...#] (3,4,5,7) (0,1,2,5,6,7) (0,1,3,6,7) (0,2,3,4,5,6,7) (5,7) (0,6) (2,3,5,6,7) (0,1,2) {36,28,33,44,11,36,41,52}
[##.##.#.] (0,3) (2,3,4,5) (0,2,7) (0,1,2,4,6) (4,5) (1,3,4,6,7) {206,26,31,198,43,17,26,31}
[..#.#.] (1,2,4,5) (0,1,3,4,5) (0,2,4) (3,4) (0,1,2,3,5) {19,20,19,207,198,20}
[##.###.#.#] (0,7,9) (2,3,4,5,6,7,8,9) (3,4,5) (1,2,3,5,6,9) (0,1,7) (2,6) (0,1,2,3,5,6,9) (1,2,3,4,5,7,8,9) (3,4,5,8,9) {18,45,62,69,46,69,46,37,26,56}
[##.###..#] (1,4,6) (1,5) (2,5,7,8) (0,2,3,4,5,6,8) (2,3) (0,2,3,5,6,7,8) (0,3,7,8) (0,1,2,4) {34,25,33,33,20,32,19,35,40}
[.#.###] (3,5) (0,2,4) (2,4) (1,3,4,5) {7,14,27,27,41,27}
[..##.#..] (0,1,3,4,6,7) (0,1,4,5,6,7) (0,1,2,3,4,6) (0,2,3,5) (0,1,2,4,5,6,7) (1,2,3,5,6,7) (0,4,5,6,7) {80,60,48,37,70,55,71,53}
[..###..] (2,3,4) (0,1,3,4,5) (0,2) (1,2,3,5) (1,2,6) (1,2,3,4,5) (1,5) {15,55,55,57,48,50,5}
[######] (0,2,3,4) (0,2,4,5) (0,2,3,5) (0,1,2,4) (1,4) {18,10,18,9,20,7}
[#.##] (2) (2,3) (0,1,3) (1) {0,4,198,11}
[###.....#] (3,5) (1,4,6,7) (0,1,3,4,5) (0,1,3,4,6,7) (0,1,3,5,7) (2,3,7) (1,2,3,4,5,6,8) {28,211,185,231,202,202,199,49,172}
[....#.#..#] (0,2,5,6) (0,1,2,3,4,5,6,9) (2,4,5,8,9) (3,4,7,8,9) (4,8) (0,3,7,8,9) (0,1,4,5,7,8) (0,1,2,3,5,6,8,9) (1,4,6) {241,218,216,244,241,227,211,48,85,249}
[..#..###.] (2,8) (5,7) (0,4,7) (0,2,3,7,8) (0,2,4,5,6,8) (3,4,6) (0,1,3,4,5,7,8) (2,5,6) (2,3) (1,5) (1,2,4) {22,21,21,30,40,36,29,23,18}
[#.#.] (1,2,3) (0,2) {15,4,19,4}
[#.###.] (4) (0,1,2,5) (0,2,3,4) (0,2) (0,2,4,5) (2) {214,8,214,9,19,8}
[###.###] (0,2,4,5) (0,1,3) (1,3,4,5) (0,1,3,4,5) (0,1,2,4,5) (0,1,4,5,6) (0,4) (1,2) (0,3,4,5,6) {223,77,39,188,225,207,166}
[##.#....] (2,3,4,6,7) (0,1,2,5,6,7) (0,1,2,4,6) (0,2,3,7) (0,1,3,4,5,6,7) (1,2,3,4,5,6) (5,6) (0,1,3) (0,2,3,4,6) {52,31,35,56,21,17,30,32}
[#.#.#.] (1,2,3,4) (0,4,5) (2,4,5) (0,1,3,4) (0,2,4) {132,3,34,3,152,135}
[..###] (0,1,3) (1,4) (1,2,3) {8,27,0,8,19}
[.##.#.] (0,1,2,3,4) (2) (0,2) (0,1,3,5) (0,2,3,4,5) (2,3,5) (1,2,4,5) {50,19,69,42,23,33}
[#####.#] (0,2,3,4,6) (0,3,4,5) (1,6) (0,2,4) (0,1,2,4,6) (3,5,6) (0,1,3,4,5,6) (0,1,2,3,5) (0,1,2,4,5) {90,67,71,72,72,69,67}
[##.#.####] (0,1,3,5,6,7,8) (0,1,2,3,4,5,7,8) (1,2,3,7) (0,2,5,6,7) (0,4,5,6,7) (1,3,4,5,6,7,8) (1,2,3,4,5,7,8) {48,38,43,38,27,61,43,66,33}
[#...#] (0,4) (1) (0,1,3,4) (2,4) (2) (0,2,4) (0) {30,23,171,3,187}
[.##.#.] (0,1,2,3,4) (3) (0,1,3,4,5) (1,2,3,4) {18,29,29,48,29,0}
[.##.######] (3,6) (3,5,6,9) (0,1,4,6,7,9) (0,1,2,4,5,6,7,9) (2,3,8) (0,1,2,3,4,5,6,9) (1,4,6,7,9) (1,4,5,6,8,9) (0,1,4,5,9) (0,1,2,3,5,6) (2,5,6,7,8) (0,3,4,5,8) (2,3,7) {75,76,84,94,78,111,115,77,46,79}
[...###.] (0,2,6) (0,1,4,5,6) (0,3,4,5,6) (0,2,3,4,6) (0,1,2,4,5,6) {134,118,125,13,131,123,134}
[#.#.#.#.] (6,7) (0,3,6) (0,2,4,5,6,7) (4,6) (0,1,2,4,5,6) (1,3,4,5) (1,2,3,5,7) (0,2,3,5,6,7) {41,38,56,40,45,64,67,62}
[.#.....#] (1,3,5,6,7) (2,3,5,6,7) (0,1,2,4) (0,1,4,7) (0,1,6,7) (1,4,5) {200,229,196,25,217,43,26,43}
[#.#.####] (0,6) (0,4,5,6,7) (0,1,4,5,6,7) (6,7) (1,4) (2,7) (0,2,4,5,7) (5,6) (3,7) (1,2) {46,24,27,13,37,30,56,64}
[##.#] (0,1,2) (1,2) (0,2,3) {16,20,26,6}
[.#.#..] (0,1,3) (0,1,4,5) (1,4,5) (0,4,5) (0,1,2,3) (0,2,4,5) (0,2) (0,2,3,4,5) {204,36,42,30,195,195}
[##...#.##] (2,4,6,8) (0,1,3,5,7) (2,3,4) (1,2,3) (4,5,6,8) (0,1,3,4,5,7) (1,4,5,6) (1,2,7,8) (0,1,3,5,8) (5,8) (0,5,7) {30,54,56,41,38,55,24,36,73}
[..#.#.##] (2) (0,3,4,5,6,7) (0,4,5,6,7) (1,2,3,5) (0,1,2,3,4,6,7) (0,2,3,5) {42,20,50,40,32,36,32,32}
[####] (0,3) (1,3) (0,2) {13,196,6,203}
[.#####] (1,5) (0,1,3,4) (1,2,3,5) (2,3,4) {7,30,19,26,8,23}
[.#..#####.] (1,2,3,5,6,7,9) (1,2,3,4,5,7,9) (1,5,7,8) (0,1,2,3,4,5,7,9) (1,3,5) (0,3,5,6) (1,2,7) (1,3,5,7) (1,3,4,7,8) (0,2,3,4,5,7,8,9) {29,183,37,189,158,63,19,188,154,36}
[###.] (1,2) (0,1,2) (0,1,3) {28,35,26,9}
[#.#.] (0,1,3) (0,2) {27,17,10,17}
[.####.##] (3,5,6) (0,4,6) (5) (0,2,3,4) (0,3,5,6) (0,1,2,5,6) (3,4,7) (0,2,4) {51,9,25,37,37,44,50,4}
[...#.#..##] (4,8,9) (0,1,2,3,6,8,9) (0,2) (0,1,2,3,8) (1,2,6) (1,2,4,6,8,9) (2,3,5,9) (1,5,9) (0,1,2,4,5,8) (1,2,3,4,5,6,7,8,9) {55,63,75,44,32,30,35,14,61,36}
[....#.#] (3,6) (0,6) (2,5) (1,2,3,4,6) (2) (0,4) (1,3,5) (0,1,2,3,6) {39,29,41,47,12,29,57}
[##.##] (0,1,3) (0,1,2,3) (1,2,3,4) (1,2,3) (0,3,4) (1,3,4) {20,27,14,34,11}
[#.##] (1,3) (0,2,3) {11,15,11,26}
[#.#..#] (0,1,3) (0,1,2,3,4) (0,1,3,4) (1,3,4,5) (0,1,4,5) (0,2,3,4,5) (0,1,5) (0,2,3,4) {94,87,39,88,81,55}
[...#..#] (0,1,2,3,5,6) (0,3,5) (0,1,2,3,5) (0) (0,1,3,4,6) (1,4,6) (0,6) (1,3,4) (1,2) {39,52,11,40,41,8,35}
[##...##.#] (0,2,4,5,6,7) (1,2,3,4,5,6,7) (0,2,3,4,6,7) (0,1,2,4,5,6,7,8) (0,2,3,6) (0,1,5,6) (0,1,3,4,5) (0,1,2,3,6,7) (0,1,3,5) {62,54,41,40,48,56,55,39,14}
[.#.#] (1,3) (0,1,3) (2,3) {14,23,14,37}
[.#...#] (1,2,3,4) (0,4,5) (3) (0) (0,1,2,5) (0,2) (1,5) {21,30,20,115,1,31}
[##.#..#.##] (0,9) (0,1,2,3,4,5,6,9) (0,1,2,4,6,9) (0,6,7) (0,1,4,6,7,8) (3,4,7) (0,1,3,4,5,6,7,8) (0,1,4,5,6,7,9) (0,2,3,4,6,7,8) (0,1,2,5) {99,74,29,30,66,49,67,56,36,45}
[#.#....] (0,2,5,6) (3,6) (0,1,2,6) (0,1,2,4,5) (3,5,6) (1,3,4,5,6) (0,1,3,5) {46,48,36,43,32,69,50}
[#.###] (2,3) (2,4) (0,1,2) (0,4) {25,15,37,6,26}
[#...##] (0,2,3,5) (0) (0,1,4) (2,3,5) (2,3) (0,1,3) (0,1,4,5) (2,3,4) {54,46,37,52,38,31}
[.##.##] (0,1,2,3,4) (1,2) (1,2,3,5) (0,5) (2,5) (0,1,2,3) (1,2,4,5) (0,2,4) {18,45,58,22,23,50}
[#...#.##.] (1,2,4) (2,5,6,8) (0,2,3,7,8) (0,1,2,3,5,8) (0,3,7) (0,2,3,4,7,8) (0,1,3,7,8) (5,6) (0,2,3,4,6,7,8) (2,3,4,5,6,7,8) (0,8) {248,197,238,250,51,202,49,79,264}
[##..] (0,2) (1) (1,2,3) (3) (0,1) (0) {27,215,20,24}
[..#..#.###] (0,2,3,4,5,6,8,9) (3,4,5,9) (0,1,2,4) (0,2,4,6,7,8) (0,1,2,3,4,5,6,8,9) (0,2,3,4,5) (0,1,3,4,7,8,9) (2,4,9) {58,26,202,45,228,29,27,30,43,199}
[##..#....] (0,2,3,5,6) (0,1,2,5,6,8) (1,2,4) (0,1,2,3,6,7,8) (0,1,2,3,4,5,6,7) (0,1,5,6,8) (1,2,3,5,6,7,8) (1,7) (0,1,2,3,4,6) {73,97,77,62,29,59,85,58,49}
[......#.] (0,1,3,4,5,7) (2,6) (0,2) (1,2,3,4,7) (0,1,2,4,7) (0,4,5,7) (2,3,4,5,6) (4,7) (1,2) (1,3) {19,35,49,11,30,5,17,30}
[...###.#.] (4,5) (0,2,4,8) (3,6,7) (0,1,2,6,7) (0,1,2,3,4,5,8) (0,4,8) (1,3,6,8) (6) (0,3,4,8) (3,6) (0,1,3,4,5,7) {48,30,24,67,52,24,57,28,45}
[..#..#] (2,5) (1,2,3,4) (2,4,5) (0,1,3) (1,5) (2,3,4,5) {17,31,45,30,32,45}
[##.#....] (0,2,5,7) (0,2,3,7) (1,2,3) (0,3) (1,2,5,6) (4,5,6,7) (2,4,5,6,7) (0,6,7) (1,2,3,4,5,6) {38,21,44,25,19,39,50,45}
[...#.###] (0,4,7) (0,1,4,5,6,7) (0,1,2,3,5,7) (3) (1,2,4) (0,1,3,7) (2,3,4,5,7) {54,54,36,32,42,26,7,55}
[.#..#] (2,4) (0,2,3) (1,4) (0,2,3,4) (2,3,4) {16,19,52,36,63}
[..#.#....] (1,2,3,4,6,7,8) (2,3,5,6,7,8) (2,3,4,6,7) (4,6) (2,4) (0,1,2,6,7,8) (0,3,4,5,6,8) {29,15,62,65,67,40,88,54,55}
[.#.#...#.#] (1,4,5,6,7,9) (3,6) (0,1,6,7,9) (0,1,2,3,5,6,7) (1,3,4,5,6,7,8) (0,4,5,6) (0,4,6,9) (0,2,8,9) (1,2,3,4,5,7,8,9) (0,2,3,6,8,9) (1,9) (0,3,4,5,6,7) (0,1,5,7,8,9) {70,49,40,51,45,46,81,42,49,67}
[.###.#.#.] (2,3,4,5,6,7,8) (1,7) (0,3,6) (0,3,7) (0,2,4,6,8) (2,3,4,6,7,8) (1,2,5) (2,4,5,6,7) (1,2,4,5,6,7,8) {41,36,70,63,57,47,76,82,42}
[#.##.#..] (5,6,7) (0,1,3,4,5,6) (0,1,3,5,7) (2,4,5,6) (0,1,2,3,5,7) (1,2,5) (0,1,2,4,5,6) (0,1,2,3,4,5) {56,61,40,50,31,67,26,31}
[..#######] (1,4,8) (2,5,6) (6) (0,1,2,3,4,6,8) (7) (1,2,5,6,7,8) (1,2,3,4,6,7,8) (1,6) (0,2,3,4,5,6,7,8) (7,8) (0,7,8) {30,60,62,40,53,34,93,44,69}
[###..#] (0,1,4,5) (1,5) (1,2,3,4) (1,2) (0,1,2,3,4) (0,2) (0,1,2,5) (2,3) {52,66,67,27,29,36}
[.##.#.#..] (0,1,2,3,5,6,7) (1,2,3,7,8) (0,2,6) (0,5,7) (1,2,4,6) (1,6,7,8) (0,1,2,3,4,5) {51,34,42,16,20,32,37,33,14}
[###.###.#.] (0,1,4,5,6,7,8,9) (0,2,3,4,5,8) (1,2,3,4,6,8,9) (0,1,2,3,5,7) (0,3,5,7,8,9) (0,4,5,6,7,8,9) (0,1,3,4,5,6,8) (1,7,8) (0,2,5,6,8,9) {78,50,56,53,57,78,64,56,97,77}
[##.#] (1,3) (0,1,2) (0,2) (2,3) (1,2) {35,44,75,26}
[##..##] (0,1,4,5) (1,2,3,4) (1,2,4) (4,5) (0,1,5) {33,59,26,15,53,45}
[.####] (1,2,4) (0,3,4) (0,1,4) (0,4) {39,14,9,14,48}
[.....#####] (2,7) (6,7,8) (2,5,8,9) (4,6,8) (0,5,6) (0,1,2,3,4,5,6,8) (0,1,6,8) (0,1,2,3,4,5,6,7) (1,2,3,4,5,7,8) (2,4,5,7,8) (0,1,2,4,5,6,8,9) {61,58,77,23,66,63,90,69,85,22}
[..##.] (2) (4) (3) (0,2) (1) {8,6,18,17,4}
[...#] (2,3) (0,2) (1,2) (1) (1,3) {10,47,180,162}
[..##..#.##] (0,1,2,3,4,5,6,8) (1,3,4,5,6,7,8,9) (1,3,4,6,8) (0,4,6) (1,2,3,6,8) (0,1,2,3,5,7,8,9) (9) (0,3,4,7,8,9) (0,1,3,4,7,8,9) (0,4) (0,1,2,3,4,5,7,8) (0,2,3,5,6,9) {100,206,46,235,240,43,206,53,226,77}
[.##.....#] (1,2,4,5,6,8) (0,2,4,5,7) (3,4,8) (1,2,4,5,6,7,8) (3,4,5,6,7,8) (1,4) (0,2,3,4,5,6,8) (1,2,3,4,5,6,8) (0,1,3,4,5,6,7) (2,3,4,5,7) {23,59,82,43,93,90,63,53,57}
[######..#] (0,1,2,3,5,7) (0,1,2,3,4,5,8) (2,3,4,5,6,7,8) (0,1,2,3,4,8) (2,6,8) (1,4,5,7) (2,7,8) (1,3,6) (0,3,4,5,6,8) {54,69,76,88,62,55,56,44,75}
[.##..#.] (2,3,4,5,6) (0,1,2,5,6) (0,5) (0,1,5,6) (1,2,4,5) (0,2,3,5,6) (0,1,3,5,6) (0,2,3,4,5,6) {52,34,49,31,13,64,50}
[#..##.] (2,3,5) (1,3,5) (0,2,4,5) (0,3,4) (2,4) {14,4,44,31,33,29}
[.#.#.#] (0,4,5) (2,3,4) (0) (1,2) (0,2,3,5) (1,3,5) (4) {11,4,16,14,16,6}
[#.##] (0,1,2) (0,2) (2) (1,2) (0,3) {2,6,25,0}
[###.#....#] (0,2,3,5,6,8,9) (0,1,2,3,4,5,8) (1,6,8) (0,2,4,5,6,7) (0,1,2,3,4,6,7,8) (0,2,4,5,6,7,9) (3,7) (1,3,4,8) (0,1,2,3,4,5,7,8) {199,66,199,195,63,185,184,43,209,144}
[##.###.#.] (2,3,4,5,8) (0,1,7,8) (0,5,6,7) (1) (0,1,2,3,4,5,8) (3,4) (1,6) (1,2,4,5,6,7,8) {26,51,25,23,34,37,39,25,27}
[.#.##...##] (0,1,2,3,5,6) (0,1,4,7,8) (1,3,8) (0,1,4,5,7,8,9) (1,4,5,7,9) (1,4,6,9) (1,5) (0,2,4,6,7,8) (0,3,5,6,8,9) (2,3,4,5,6,7,8,9) (0,1,2,3,7,8,9) {63,102,51,48,84,61,65,70,72,51}
[#.#..#.#.] (0,2,3,6,7) (2,4,7) (0,2) (1,2,3,5,6,7,8) (0,1,2,3,4,6,7,8) (1,2,3,6) (0,3,6,8) (4,6,7) (4,5,8) {51,44,69,77,48,22,85,62,59}
[#.#....#] (2,4,5) (3,4) (0,1,2,3,5,6,7) (0,1,2,3,4,5,7) (1,4) (0,1,2,4,6) (2,3,6) {14,34,36,37,45,14,24,10}
[####..#.#] (0,1,3,4,5,6,7) (2,4) (3,5) (1,2,8) (0,5,6) (3,6) (1,4) {18,18,13,24,17,25,29,6,7}
